2 0.6820652173913043 0.252212389380531 0.7065217391304348 0.252212389380531 0.7051630434782609 0.4351032448377581 0.9714673913043478 0.4351032448377581 0.9769021739130435 0.058997050147492625 0.6847826086956522 0.06047197640117994 0.6820652173913043 0.252212389380531
1 0.7105978260869565 0.5545722713864307 0.8097826086956522 0.5530973451327433 0.811141304347826 0.5988200589970502 0.9728260869565217 0.5973451327433629 0.9714673913043478 0.44837758112094395 0.7119565217391305 0.44837758112094395 0.7105978260869565 0.5545722713864307
9 0.7092391304347826 0.6858407079646017 0.8179347826086957 0.6858407079646017 0.8206521739130435 0.6106194690265486 0.8043478260869565 0.6106194690265486 0.8029891304347826 0.5663716814159292 0.7092391304347826 0.5678466076696165 0.7092391304347826 0.6858407079646017
1 0.035326086956521736 0.8200589970501475 0.2269021739130435 0.8230088495575221 0.2269021739130435 0.6637168141592921 0.036684782608695655 0.668141592920354 0.035326086956521736 0.8200589970501475
10 0.20923913043478262 0.831858407079646 0.03804347826086957 0.8333333333333334 0.04076086956521739 0.887905604719764 0.2078804347826087 0.887905604719764 0.20923913043478262 0.831858407079646
8 0.6222826086956522 0.2610619469026549 0.626358695652174 0.28761061946902655 0.48233695652173914 0.2890855457227139 0.44972826086956524 0.28761061946902655 0.39402173913043476 0.30678466076696165 0.33559782608695654 0.3421828908554572 0.2826086956521739 0.4085545722713864 0.2595108695652174 0.4498525073746313 0.23505434782608695 0.5294985250737463 0.23505434782608695 0.6991150442477876 0.6983695652173914 0.6932153392330384 0.6970108695652174 0.26548672566371684 0.6222826086956522 0.2610619469026549
7 0.4592391304347826 0.8333333333333334 0.4578804347826087 0.8938053097345132 0.6345108695652174 0.8967551622418879 0.6358695652173914 0.6991150442477876 0.23777173913043478 0.6991150442477876 0.23777173913043478 0.8362831858407079 0.4592391304347826 0.8333333333333334
3 0.2269021739130435 0.5383480825958702 0.24728260869565216 0.4498525073746313 0.24728260869565216 0.40412979351032446 0.14945652173913043 0.40412979351032446 0.1480978260869565 0.43215339233038347 0.03804347826086957 0.43215339233038347 0.04076086956521739 0.6563421828908554 0.23369565217391305 0.6563421828908554 0.2269021739130435 0.5383480825958702
2 0.03940217391304348 0.4174041297935103 0.13722826086956522 0.4174041297935103 0.1358695652173913 0.3938053097345133 0.24864130434782608 0.3938053097345133 0.26766304347826086 0.40412979351032446 0.3328804347826087 0.33185840707964603 0.3342391304347826 0.061946902654867256 0.03940217391304348 0.06489675516224189 0.03940217391304348 0.4174041297935103
2 0.34103260869565216 0.32448377581120946 0.38858695652173914 0.29646017699115046 0.4388586956521739 0.2831858407079646 0.4361413043478261 0.25663716814159293 0.45108695652173914 0.2551622418879056 0.452445652173913 0.275811209439528 0.623641304347826 0.27728613569321536 0.6195652173913043 0.2536873156342183 0.6739130434782609 0.2536873156342183 0.6739130434782609 0.20353982300884957 0.6535326086956522 0.20058997050147492 0.6535326086956522 0.06489675516224189 0.3423913043478261 0.06342182890855458 0.34103260869565216 0.32448377581120946
5 0.8179347826086957 0.8938053097345132 0.8220108695652174 0.696165191740413 0.6453804347826086 0.696165191740413 0.6467391304347826 0.8938053097345132 0.8179347826086957 0.8938053097345132
11 0.8301630434782609 0.8923303834808259 0.9728260869565217 0.8923303834808259 0.9728260869565217 0.7389380530973452 0.9442934782608695 0.7374631268436578 0.9456521739130435 0.6622418879056047 0.9320652173913043 0.6607669616519174 0.9320652173913043 0.612094395280236 0.8328804347826086 0.612094395280236 0.8301630434782609 0.8923303834808259