7 0.25217148333333333 0.14702787942583734 0.09218648 0.14422734832535886 0.09316199866666666 0.44948523062200957 0.24826941 0.4508854966507177 0.24875716933333333 0.40397660191387563 0.3448457226666667 0.4018762038277512 0.3458212413333333 0.09031712631578948 0.327774152 0.08961699330143541 0.327774152 0.06091155023923445 0.2526592426666667 0.06161168229665072 0.25217148333333333 0.14702787942583734
0 0.23285554933333333 0.12066012535885168 0.2338217546666667 0.041606939712918664 0.09951917666666667 0.041606939712918664 0.09951917666666667 0.12066012535885168 0.23285554933333333 0.12066012535885168
1 0.09309624000000001 0.6378739244019139 0.19398871666666664 0.6378739244019139 0.19490592133333334 0.5279410602870813 0.09493064866666666 0.5266244985645933 0.09309624000000001 0.6378739244019139
1 0.34143140866666666 0.4844918688995215 0.34045589 0.5250995693779904 0.34728451866666665 0.5250995693779904 0.3477722773333333 0.6357205444976077 0.44532410866666666 0.6343202794258374 0.46483447466666666 0.5741088622009569 0.4633711973333333 0.43268204497607654 0.32338432 0.4340823100478469 0.32289656066666667 0.4844918688995215 0.34143140866666666 0.4844918688995215
6 0.5965294466666666 0.29125522775119617 0.59457841 0.062311815311004784 0.35216211 0.062311815311004784 0.35411314666666666 0.0812154 0.35411314666666666 0.28985496172248804 0.5965294466666666 0.29125522775119617
2 0.7950474226666667 0.7505423167464115 0.8638214639999999 0.5131973119617225 0.7062752566666667 0.4235803186602871 0.6170153313333333 0.4242804516746411 0.558971992 0.6217178899521532 0.7950474226666667 0.7505423167464115
11 0.553118882 0.6182172258373206 0.6053091113333333 0.43268204497607654 0.47166310333333333 0.43268204497607654 0.47215086200000006 0.5264998344497608 0.4809305266666667 0.5328010296650717 0.47068758466666666 0.5699080650717704 0.553118882 0.6182172258373206
8 0.6018947973333333 0.29335562583732055 0.6965200733333333 0.29335562583732055 0.6955445553333334 0.3570677071770335 0.7082262933333333 0.36406903444976074 0.6970078326666667 0.3976754066985646 0.8682112959999999 0.49639412631578944 0.8779664793333333 0.4599872220095694 0.8906482173333333 0.4081773980861244 0.8945502906666667 0.3486661138755981 0.885770626 0.27025124497607655 0.8643092226666667 0.2051388985645933 0.8345559146666666 0.15052854354066986 0.7823656846666666 0.09451792248803828 0.7184692353333333 0.06511234641148325 0.6999343873333334 0.06161168229665072 0.6033580746666667 0.06091155023923445 0.6018947973333333 0.29335562583732055
5 0.33167622533333335 0.6399213416267943 0.33313950266666664 0.49639412631578944 0.314116896 0.49569399330143543 0.31460465533333337 0.4620876210526316 0.30972706333333333 0.4620876210526316 0.3087515453333333 0.40257633588516745 0.25900011133333334 0.4032764688995215 0.258512352 0.4613874880382775 0.17413001866666666 0.4606873550239235 0.1731545 0.5180982411483254 0.20144453133333332 0.5180982411483254 0.20144453133333332 0.6371208105263158 0.33167622533333335 0.6399213416267943
5 0.3526498693333333 0.42007965550239235 0.5799456353333333 0.4207797875598086 0.5804333946666667 0.39487487559808615 0.5882375413333333 0.39347461052631577 0.5872620226666666 0.41447859330143544 0.689203686 0.41307832727272725 0.688228168 0.30385761722488036 0.5887253 0.30385761722488036 0.5882375413333333 0.32976252918660287 0.5789701173333334 0.32976252918660287 0.5789701173333334 0.30315748421052635 0.35313762800000004 0.30385761722488036 0.3526498693333333 0.42007965550239235
10 0.16846226 0.4579687311004784 0.093167616 0.4574228803827751 0.094308444 0.5191040086124402 0.16808198466666666 0.5174664564593301 0.16846226 0.4579687311004784